jps,0.6,0.4,0.5,0.6,0.4,0.5,0.5,0.6,0.4,0.4,0.6,0.6,0.6,0.4,0.5,0.6,0.4,0.8,0.4,0.6,0.5,0.5,0.9,0.6,0.6,0.9,0.4,0.4,0.4,0.4,0.4,0.6,0.4,0.8,0.7,0.5,0.4,1.0,0.7,1.0,0.6,0.6,1.0,0.6,1.0,1.0,0.6,0.5,1.0,1.0,0.5,0.4,0.6,1.0,0.5,0.8,0.5,1.0,0.5,0.8,1.0,0.7,0.8,0.6,0.6,0.6,0.6,0.5,0.4,0.4,0.8,0.4,0.4,0.6,1.0,0.4,0.6,0.6,1.0,0.6,0.4,0.8,1.0,0.8,0.8,0.8,0.6,0.6,0.4,0.8,1.0,1.0,0.6,0.8,0.8,0.8,0.4,1.0,1.0,0.6,
ds,0.6,0.4,0.5,0.6,0.4,0.5,0.5,0.6,0.4,0.4,0.6,0.6,0.6,0.4,0.5,0.6,0.4,0.8,0.4,0.6,0.5,0.5,0.9,0.6,0.6,0.9,0.5,0.4,0.4,0.4,0.4,0.6,0.4,1.0,1.0,0.5,0.4,1.0,0.7,1.0,0.6,0.6,1.0,0.6,1.0,1.0,0.6,0.5,1.0,1.0,0.5,0.4,0.6,1.0,0.5,1.0,0.5,1.0,0.5,0.8,1.0,1.0,1.0,0.6,0.6,0.6,0.7,0.5,0.4,0.4,1.0,0.4,0.4,0.6,1.0,0.4,0.6,0.6,1.0,0.6,0.4,0.8,1.0,1.0,0.8,0.8,0.6,0.6,0.4,0.8,1.0,1.0,0.6,0.8,1.0,1.0,0.4,1.0,1.0,0.6,
dkpws,1.0,0.8,1.0,0.6,0.4,1.0,0.6,0.7,1.0,0.4,0.7,0.6,0.6,0.4,1.0,0.8,0.4,1.0,0.4,0.6,1.0,1.0,1.0,0.8,0.6,0.9,1.0,0.4,0.4,0.8,0.4,0.6,1.0,0.4,0.5,0.6,1.0,1.0,0.6,1.0,0.8,0.7,1.0,0.9,1.0,1.0,1.0,0.6,1.0,1.0,0.4,0.4,1.0,1.0,0.6,0.5,0.9,1.0,1.0,1.0,1.0,0.5,1.0,0.8,0.7,0.6,0.8,1.0,0.4,0.4,0.5,0.4,0.8,0.7,1.0,0.4,0.6,1.0,1.0,0.6,0.8,1.0,1.0,0.4,1.0,1.0,0.7,0.6,0.4,1.0,1.0,1.0,0.8,1.0,0.4,0.4,0.4,1.0,1.0,0.6,
ws,1.0,0.9,1.0,0.6,0.4,1.0,0.6,0.8,1.0,0.4,0.8,0.6,0.6,0.4,1.0,0.8,0.4,1.0,0.4,0.6,1.0,1.0,1.0,0.8,0.6,0.9,1.0,0.4,0.4,0.9,0.4,0.6,1.0,0.4,0.6,0.6,1.0,1.0,0.7,1.0,0.8,0.8,1.0,0.9,1.0,1.0,1.0,0.6,1.0,1.0,0.4,0.4,1.0,0.6,0.6,0.6,0.9,1.0,1.0,1.0,1.0,0.6,1.0,0.8,0.7,0.6,0.8,1.0,0.4,0.4,0.6,0.4,0.9,0.8,1.0,0.4,0.6,1.0,1.0,0.6,0.9,1.0,0.6,0.4,1.0,1.0,0.7,0.6,0.4,1.0,0.6,0.8,0.8,1.0,0.4,0.4,0.4,0.6,1.0,0.6,
djkps,0.6,0.4,0.5,0.6,0.4,0.5,0.5,0.6,0.4,0.4,0.6,0.6,0.6,0.4,0.5,0.6,0.4,0.8,0.4,0.6,0.5,0.5,0.9,0.6,0.6,0.9,0.4,0.4,0.4,0.4,0.4,0.6,0.4,0.8,0.9,0.5,0.4,1.0,0.7,1.0,0.6,0.6,1.0,0.6,1.0,1.0,0.6,0.5,1.0,1.0,0.5,0.4,0.6,1.0,0.5,0.9,0.5,1.0,0.5,0.7,1.0,0.7,0.8,0.6,0.6,0.6,0.6,0.5,0.4,0.4,0.9,0.4,0.4,0.6,1.0,0.4,0.6,0.6,1.0,0.6,0.4,0.8,1.0,0.8,0.8,0.8,0.6,0.6,0.4,0.8,1.0,1.0,0.6,0.8,0.8,0.8,0.4,1.0,1.0,0.6,
djkpw,1.0,1.0,1.0,0.8,1.0,1.0,1.0,1.0,1.0,0.4,1.0,0.8,0.5,1.0,1.0,0.8,0.4,1.0,1.0,0.6,1.0,1.0,1.0,0.8,0.6,1.0,1.0,1.0,1.0,1.0,1.0,0.5,1.0,1.0,1.0,0.6,1.0,1.0,1.0,1.0,0.9,1.0,1.0,0.9,1.0,1.0,1.0,0.4,1.0,1.0,1.0,1.0,1.0,1.0,0.5,1.0,1.0,1.0,1.0,1.0,1.0,1.0,1.0,0.9,0.7,0.6,0.8,1.0,1.0,1.0,1.0,0.4,1.0,1.0,1.0,1.0,0.6,1.0,1.0,0.6,1.0,1.0,1.0,1.0,1.0,1.0,0.7,0.6,1.0,1.0,1.0,1.0,0.8,1.0,1.0,1.0,0.4,1.0,1.0,0.5,
jkps,0.6,0.4,0.5,0.6,0.4,0.5,0.5,0.6,0.4,0.4,0.6,0.6,0.6,0.4,0.5,0.6,0.4,0.8,0.4,0.6,0.5,0.5,0.9,0.6,0.6,0.9,0.4,0.4,0.4,0.4,0.4,0.6,0.4,0.8,0.9,0.5,0.4,1.0,0.7,1.0,0.6,0.6,1.0,0.6,1.0,1.0,0.6,0.5,1.0,1.0,0.5,0.4,0.6,1.0,0.5,0.9,0.5,1.0,0.5,0.7,1.0,0.7,0.8,0.6,0.6,0.6,0.6,0.5,0.4,0.4,0.9,0.4,0.4,0.6,1.0,0.4,0.6,0.6,1.0,0.6,0.4,0.8,1.0,0.8,0.8,0.8,0.6,0.6,0.4,0.8,1.0,1.0,0.6,0.8,0.8,0.8,0.4,1.0,1.0,0.6,
jkpw,1.0,1.0,1.0,0.8,1.0,1.0,1.0,1.0,1.0,0.4,1.0,0.8,0.5,1.0,1.0,0.8,0.4,1.0,1.0,0.6,1.0,1.0,1.0,0.8,0.6,1.0,1.0,1.0,1.0,1.0,1.0,0.5,1.0,1.0,1.0,0.6,1.0,1.0,1.0,1.0,0.9,1.0,1.0,1.0,1.0,1.0,1.0,0.4,1.0,1.0,1.0,1.0,1.0,1.0,0.5,1.0,1.0,1.0,1.0,1.0,1.0,1.0,1.0,0.9,0.7,0.6,0.8,1.0,1.0,1.0,1.0,0.4,1.0,1.0,1.0,1.0,0.6,1.0,1.0,0.6,1.0,1.0,1.0,1.0,1.0,1.0,0.7,0.6,1.0,1.0,1.0,1.0,0.8,1.0,1.0,1.0,0.4,1.0,1.0,0.5,
dks,0.6,0.4,0.5,0.6,0.4,0.5,0.5,0.6,0.6,0.4,0.6,0.6,0.6,0.4,0.5,0.6,0.4,0.8,0.5,0.6,0.5,0.5,0.9,0.6,0.6,0.9,0.5,0.4,0.4,0.4,0.4,0.6,0.4,1.0,1.0,0.5,0.6,1.0,0.7,1.0,0.6,0.6,1.0,0.6,1.0,1.0,0.6,0.5,1.0,1.0,0.5,0.4,0.6,1.0,0.5,1.0,0.5,1.0,0.5,0.7,1.0,1.0,1.0,0.6,0.6,0.6,0.6,0.5,0.4,0.4,1.0,0.4,0.4,0.6,1.0,0.4,0.6,0.6,1.0,0.6,0.4,0.8,1.0,1.0,0.8,0.8,0.6,0.6,0.4,0.8,1.0,1.0,0.6,0.8,1.0,1.0,0.4,1.0,1.0,0.6,
ks,0.6,0.4,0.5,0.6,0.4,0.6,0.6,0.6,0.6,0.4,0.6,0.6,0.6,0.4,0.6,0.6,0.4,0.8,0.5,0.6,0.5,0.5,0.9,0.6,0.6,0.9,0.5,0.4,0.4,0.4,0.4,0.6,0.4,1.0,1.0,0.5,0.6,1.0,0.7,1.0,0.6,0.6,1.0,0.6,1.0,1.0,0.6,0.5,1.0,1.0,0.5,0.4,0.6,1.0,0.5,1.0,0.5,1.0,0.5,0.7,1.0,1.0,1.0,0.6,0.6,0.6,0.6,0.5,0.4,0.4,1.0,0.4,0.4,0.6,1.0,0.4,0.6,0.6,1.0,0.6,0.4,0.8,1.0,1.0,0.8,0.8,0.6,0.6,0.4,0.8,1.0,1.0,0.6,0.8,1.0,1.0,0.4,1.0,1.0,0.6,
djws,1.0,0.9,1.0,0.6,0.4,1.0,0.6,0.8,1.0,0.4,0.8,0.6,0.6,0.4,1.0,0.8,0.4,1.0,0.4,0.6,1.0,1.0,1.0,0.8,0.6,0.9,1.0,0.4,0.4,0.9,0.4,0.6,1.0,0.4,0.5,0.6,1.0,1.0,0.7,1.0,0.8,0.8,1.0,0.9,1.0,1.0,1.0,0.6,1.0,1.0,0.4,0.4,1.0,0.5,0.6,0.5,0.9,1.0,1.0,1.0,1.0,0.5,1.0,0.8,0.7,0.6,0.8,1.0,0.4,0.4,0.5,0.4,0.9,0.8,1.0,0.4,0.6,1.0,0.9,0.6,0.9,1.0,0.5,0.4,1.0,1.0,0.7,0.6,0.4,1.0,0.5,0.6,0.8,1.0,0.4,0.4,0.4,0.5,1.0,0.6,
w,1.0,1.0,1.0,0.8,1.0,1.0,1.0,1.0,1.0,0.4,1.0,0.8,0.5,1.0,1.0,0.8,0.4,1.0,1.0,0.6,1.0,1.0,1.0,0.8,0.6,0.9,1.0,1.0,1.0,1.0,1.0,0.5,1.0,0.6,1.0,0.6,1.0,1.0,1.0,1.0,0.9,1.0,1.0,1.0,1.0,1.0,1.0,0.4,1.0,1.0,1.0,1.0,1.0,1.0,0.5,1.0,1.0,1.0,1.0,1.0,1.0,1.0,1.0,0.8,0.7,0.6,0.8,1.0,1.0,1.0,1.0,0.4,1.0,1.0,1.0,1.0,0.6,1.0,1.0,0.6,1.0,1.0,1.0,0.6,1.0,1.0,0.7,0.6,1.0,1.0,1.0,1.0,0.9,1.0,0.6,0.6,0.4,1.0,1.0,0.5,
jp,0.8,1.0,0.7,0.6,1.0,1.0,1.0,1.0,1.0,0.4,1.0,0.6,0.5,1.0,1.0,0.6,0.4,0.8,1.0,0.7,0.7,0.8,0.9,0.6,0.6,0.9,1.0,1.0,1.0,1.0,1.0,0.5,1.0,1.0,1.0,0.5,1.0,1.0,1.0,1.0,0.6,1.0,1.0,0.6,1.0,1.0,0.8,0.5,1.0,1.0,1.0,1.0,0.8,1.0,0.5,1.0,0.5,1.0,0.7,0.9,1.0,1.0,1.0,0.6,0.6,0.6,0.8,0.8,1.0,1.0,1.0,0.4,1.0,1.0,1.0,1.0,0.7,0.8,1.0,0.7,1.0,0.9,1.0,1.0,0.8,1.0,0.6,0.6,1.0,0.9,1.0,1.0,0.6,0.8,1.0,1.0,0.4,1.0,1.0,0.5,
ps,0.6,0.4,0.5,0.6,0.4,0.5,0.5,0.6,0.4,0.4,0.6,0.6,0.6,0.4,0.5,0.6,0.4,0.8,0.4,0.6,0.5,0.5,0.9,0.6,0.6,0.9,0.4,0.4,0.4,0.4,0.4,0.6,0.4,1.0,1.0,0.5,0.4,1.0,0.7,1.0,0.6,0.6,1.0,0.6,1.0,1.0,0.6,0.6,1.0,1.0,0.5,0.4,0.6,1.0,0.5,1.0,0.5,1.0,0.5,0.8,1.0,0.9,0.9,0.6,0.6,0.6,0.6,0.5,0.4,0.4,1.0,0.4,0.4,0.6,1.0,0.4,0.6,0.6,1.0,0.6,0.4,0.8,1.0,1.0,0.8,0.8,0.6,0.6,0.4,0.8,1.0,1.0,0.6,0.8,1.0,1.0,0.4,1.0,1.0,0.6,
dkws,1.0,1.0,1.0,0.6,0.4,1.0,0.6,0.7,1.0,0.4,0.7,0.6,0.6,0.4,1.0,0.8,0.4,1.0,0.4,0.6,1.0,1.0,1.0,0.8,0.6,0.9,1.0,0.4,0.4,1.0,0.4,0.6,1.0,0.4,0.6,0.6,1.0,1.0,0.7,1.0,0.8,0.7,1.0,0.9,1.0,1.0,1.0,0.6,1.0,1.0,0.4,0.4,1.0,0.6,0.6,0.6,0.9,1.0,1.0,1.0,1.0,0.6,1.0,0.8,0.7,0.6,0.8,1.0,0.4,0.4,0.6,0.4,1.0,0.7,1.0,0.4,0.6,1.0,1.0,0.6,1.0,1.0,0.6,0.4,1.0,1.0,0.7,0.6,0.4,1.0,1.0,0.8,0.8,1.0,0.4,0.4,0.4,1.0,1.0,0.6,
kps,0.6,0.4,0.5,0.6,0.4,0.5,0.5,0.6,0.6,0.4,0.6,0.6,0.6,0.4,0.5,0.6,0.4,0.8,0.4,0.6,0.5,0.5,0.9,0.6,0.6,0.9,0.4,0.4,0.4,0.4,0.4,0.6,0.4,1.0,1.0,0.5,0.6,1.0,0.7,1.0,0.6,0.6,1.0,0.6,1.0,1.0,0.6,0.6,1.0,1.0,0.5,0.4,0.6,1.0,0.5,1.0,0.5,1.0,0.5,0.7,1.0,0.9,1.0,0.6,0.6,0.6,0.6,0.5,0.4,0.4,1.0,0.4,0.4,0.6,1.0,0.4,0.6,0.6,1.0,0.6,0.4,0.8,1.0,1.0,0.8,0.8,0.6,0.6,0.4,0.8,1.0,1.0,0.6,0.8,1.0,1.0,0.4,1.0,1.0,0.6,
d,0.8,1.0,0.6,0.6,1.0,1.0,1.0,1.0,1.0,0.4,1.0,0.6,0.5,1.0,1.0,0.6,0.4,0.8,1.0,0.7,0.6,0.8,0.9,0.6,0.6,0.9,1.0,1.0,1.0,1.0,1.0,0.5,1.0,1.0,1.0,0.5,1.0,1.0,1.0,1.0,0.6,1.0,1.0,0.6,1.0,1.0,0.8,0.5,1.0,1.0,1.0,1.0,0.8,1.0,0.5,1.0,0.5,1.0,0.7,0.9,1.0,1.0,1.0,0.6,0.6,0.6,0.8,0.9,1.0,1.0,1.0,0.4,1.0,1.0,1.0,1.0,0.7,0.8,1.0,0.7,1.0,0.9,1.0,1.0,0.8,1.0,0.6,0.6,1.0,0.9,1.0,1.0,0.6,0.9,1.0,1.0,0.4,1.0,1.0,0.5,
dkps,0.6,0.4,0.5,0.6,0.4,0.5,0.5,0.6,0.4,0.4,0.6,0.6,0.6,0.4,0.5,0.6,0.4,0.8,0.4,0.6,0.5,0.5,0.9,0.6,0.6,0.9,0.4,0.4,0.4,0.4,0.4,0.6,0.4,1.0,1.0,0.5,0.4,1.0,0.7,1.0,0.6,0.6,1.0,0.6,1.0,1.0,0.6,0.6,1.0,1.0,0.5,0.4,0.6,1.0,0.5,1.0,0.5,1.0,0.5,0.7,1.0,0.9,1.0,0.6,0.6,0.6,0.6,0.5,0.4,0.4,1.0,0.4,0.4,0.6,1.0,0.4,0.6,0.6,1.0,0.6,0.4,0.8,1.0,1.0,0.8,0.8,0.6,0.6,0.4,0.8,1.0,1.0,0.6,0.8,1.0,1.0,0.4,1.0,1.0,0.6,
dkp,0.8,1.0,0.6,0.6,1.0,1.0,1.0,1.0,1.0,0.4,1.0,0.6,0.5,1.0,1.0,0.6,0.4,0.8,1.0,0.7,0.6,0.8,1.0,0.6,0.6,0.9,1.0,1.0,1.0,1.0,1.0,0.5,1.0,1.0,1.0,0.5,1.0,1.0,1.0,1.0,0.6,1.0,1.0,0.6,1.0,1.0,0.8,0.5,1.0,1.0,1.0,1.0,0.8,1.0,0.5,1.0,0.5,1.0,0.6,0.9,1.0,1.0,1.0,0.6,0.6,0.6,0.8,0.9,1.0,1.0,1.0,0.4,1.0,1.0,1.0,1.0,0.7,0.8,1.0,0.7,1.0,0.9,1.0,1.0,0.8,1.0,0.6,0.6,1.0,0.9,1.0,1.0,0.6,0.9,1.0,1.0,0.4,1.0,1.0,0.5,
djps,0.6,0.4,0.5,0.6,0.4,0.5,0.5,0.6,0.4,0.4,0.6,0.6,0.6,0.4,0.5,0.6,0.4,0.8,0.4,0.6,0.5,0.5,0.9,0.6,0.6,0.9,0.4,0.4,0.4,0.4,0.4,0.6,0.4,0.8,0.7,0.5,0.4,1.0,0.7,1.0,0.6,0.6,1.0,0.6,1.0,1.0,0.6,0.5,1.0,1.0,0.5,0.4,0.6,1.0,0.5,0.8,0.5,1.0,0.5,0.8,1.0,0.7,0.8,0.6,0.6,0.6,0.6,0.5,0.4,0.4,0.8,0.4,0.4,0.6,1.0,0.4,0.6,0.6,1.0,0.6,0.4,0.8,1.0,0.8,0.8,0.8,0.6,0.6,0.4,0.8,1.0,1.0,0.6,0.8,0.8,0.8,0.4,1.0,1.0,0.6,
dps,0.6,0.4,0.5,0.6,0.4,0.5,0.5,0.6,0.4,0.4,0.6,0.6,0.6,0.4,0.5,0.6,0.4,0.8,0.4,0.6,0.5,0.5,0.9,0.6,0.6,0.9,0.4,0.4,0.4,0.4,0.4,0.6,0.4,1.0,1.0,0.5,0.4,1.0,0.7,1.0,0.6,0.6,1.0,0.6,1.0,1.0,0.6,0.6,1.0,1.0,0.5,0.4,0.6,1.0,0.5,1.0,0.5,1.0,0.5,0.8,1.0,0.9,0.9,0.6,0.6,0.6,0.6,0.5,0.4,0.4,1.0,0.4,0.4,0.6,1.0,0.4,0.6,0.6,1.0,0.6,0.4,0.8,1.0,1.0,0.8,0.8,0.6,0.6,0.4,0.8,1.0,1.0,0.6,0.8,1.0,1.0,0.4,1.0,1.0,0.6,
p,0.8,1.0,0.7,0.6,1.0,1.0,1.0,1.0,1.0,0.4,1.0,0.6,0.5,1.0,1.0,0.6,0.4,0.8,1.0,0.7,0.7,0.8,0.9,0.6,0.6,0.9,1.0,1.0,1.0,1.0,1.0,0.5,1.0,1.0,1.0,0.5,1.0,1.0,1.0,1.0,0.6,1.0,1.0,0.6,1.0,1.0,0.8,0.5,1.0,1.0,1.0,1.0,0.8,1.0,0.5,1.0,0.5,1.0,0.7,0.9,1.0,1.0,1.0,0.6,0.6,0.6,0.8,0.8,1.0,1.0,1.0,0.4,1.0,1.0,1.0,1.0,0.7,0.8,1.0,0.7,1.0,0.9,1.0,1.0,0.8,1.0,0.6,0.6,1.0,0.9,1.0,1.0,0.6,0.8,1.0,1.0,0.4,1.0,1.0,0.5,
jpw,1.0,1.0,1.0,0.8,1.0,1.0,1.0,1.0,1.0,0.4,1.0,0.8,0.5,1.0,1.0,0.8,0.4,1.0,1.0,0.6,1.0,1.0,1.0,0.8,0.6,1.0,1.0,1.0,1.0,1.0,1.0,0.5,1.0,0.9,1.0,0.6,1.0,1.0,1.0,1.0,0.9,1.0,1.0,1.0,1.0,1.0,1.0,0.5,1.0,1.0,1.0,1.0,1.0,1.0,0.5,1.0,1.0,1.0,1.0,1.0,1.0,1.0,1.0,0.9,0.7,0.6,0.8,1.0,1.0,1.0,1.0,0.4,1.0,1.0,1.0,1.0,0.6,1.0,1.0,0.6,1.0,1.0,1.0,0.8,1.0,1.0,0.7,0.6,1.0,1.0,1.0,1.0,0.8,1.0,0.9,0.8,0.4,1.0,1.0,0.5,
djpws,1.0,0.8,1.0,0.6,0.4,1.0,0.6,1.0,1.0,0.4,1.0,0.6,0.6,0.4,1.0,0.8,0.4,1.0,0.4,0.6,1.0,1.0,1.0,0.8,0.6,0.9,1.0,0.4,0.4,0.8,0.4,0.6,1.0,0.4,0.5,0.6,1.0,1.0,0.7,1.0,0.8,1.0,1.0,0.9,1.0,1.0,1.0,0.6,1.0,1.0,0.4,0.4,1.0,1.0,0.6,0.5,0.9,1.0,1.0,1.0,1.0,0.5,1.0,0.8,0.7,0.6,0.8,1.0,0.4,0.4,0.5,0.4,0.8,1.0,1.0,0.4,0.6,1.0,1.0,0.6,0.8,1.0,1.0,0.4,1.0,1.0,0.7,0.6,0.4,1.0,1.0,1.0,0.8,1.0,0.4,0.4,0.4,1.0,1.0,0.6,
kpws,1.0,0.8,1.0,0.6,0.4,1.0,0.6,1.0,1.0,0.4,1.0,0.6,0.6,0.4,1.0,0.8,0.4,1.0,0.4,0.6,1.0,1.0,1.0,0.8,0.6,0.9,1.0,0.4,0.4,0.8,0.4,0.6,1.0,0.4,0.5,0.6,1.0,1.0,0.7,1.0,0.8,1.0,1.0,0.9,1.0,1.0,1.0,0.6,1.0,1.0,0.4,0.4,1.0,1.0,0.6,0.5,0.9,1.0,1.0,1.0,1.0,0.5,1.0,0.8,0.7,0.6,0.8,1.0,0.4,0.4,0.5,0.4,0.8,1.0,1.0,0.4,0.6,1.0,1.0,0.6,0.8,1.0,1.0,0.4,1.0,1.0,0.7,0.6,0.4,1.0,1.0,1.0,0.8,1.0,0.4,0.4,0.4,1.0,1.0,0.6,
s,0.6,0.4,0.5,0.6,0.4,0.5,0.6,0.6,0.6,0.4,0.6,0.6,0.6,0.4,0.5,0.6,0.4,0.8,0.4,0.6,0.5,0.5,0.9,0.6,0.6,0.9,0.5,0.4,0.4,0.4,0.4,0.6,0.4,1.0,1.0,0.5,0.6,1.0,0.7,1.0,0.6,0.6,1.0,0.6,1.0,1.0,0.6,0.5,1.0,1.0,0.5,0.4,0.6,1.0,0.5,1.0,0.5,1.0,0.5,0.8,1.0,1.0,1.0,0.6,0.6,0.6,0.6,0.5,0.4,0.4,1.0,0.4,0.4,0.6,1.0,0.4,0.6,0.6,1.0,0.6,0.4,0.8,1.0,1.0,0.8,0.8,0.6,0.6,0.4,0.8,1.0,1.0,0.6,0.8,1.0,1.0,0.4,1.0,1.0,0.6,
jkws,1.0,0.9,1.0,0.6,0.4,1.0,0.6,1.0,1.0,0.4,1.0,0.6,0.6,0.4,1.0,0.8,0.4,1.0,0.4,0.6,1.0,1.0,1.0,0.8,0.6,0.9,1.0,0.4,0.4,0.9,0.4,0.6,1.0,0.4,0.6,0.6,1.0,1.0,0.7,1.0,0.8,1.0,1.0,0.9,1.0,1.0,1.0,0.6,1.0,1.0,0.4,0.4,1.0,0.5,0.6,0.5,0.9,1.0,1.0,1.0,1.0,0.5,1.0,0.8,0.7,0.6,0.8,1.0,0.4,0.4,0.6,0.4,0.9,1.0,1.0,0.4,0.6,1.0,0.8,0.6,0.9,1.0,0.5,0.4,1.0,1.0,0.7,0.6,0.4,1.0,0.5,0.6,0.8,1.0,0.4,0.4,0.4,0.5,1.0,0.6,
j,0.8,1.0,0.8,0.6,1.0,1.0,1.0,1.0,1.0,0.4,1.0,0.6,0.5,1.0,1.0,0.6,0.4,0.8,1.0,0.7,0.7,0.8,0.9,0.6,0.6,0.9,1.0,1.0,1.0,1.0,1.0,0.5,1.0,0.8,1.0,0.5,1.0,1.0,1.0,1.0,0.6,1.0,1.0,0.6,1.0,1.0,0.8,0.5,1.0,1.0,1.0,1.0,0.8,1.0,0.5,1.0,0.5,1.0,0.7,0.9,1.0,1.0,1.0,0.6,0.6,0.6,0.8,0.9,1.0,1.0,1.0,0.4,1.0,1.0,1.0,1.0,0.7,0.8,1.0,0.7,1.0,0.9,1.0,0.8,0.8,1.0,0.6,0.6,1.0,0.9,1.0,1.0,0.6,0.8,0.8,0.8,0.4,1.0,1.0,0.5,
djpw,1.0,1.0,1.0,0.8,1.0,1.0,1.0,1.0,1.0,0.4,1.0,0.8,0.5,1.0,1.0,0.8,0.4,1.0,1.0,0.6,1.0,1.0,1.0,0.8,0.6,0.9,1.0,1.0,1.0,1.0,1.0,0.5,1.0,0.9,1.0,0.6,1.0,1.0,1.0,1.0,0.9,1.0,1.0,1.0,1.0,1.0,1.0,0.5,1.0,1.0,1.0,1.0,1.0,1.0,0.5,1.0,1.0,1.0,1.0,1.0,1.0,1.0,1.0,0.8,0.7,0.6,0.8,1.0,1.0,1.0,1.0,0.4,1.0,1.0,1.0,1.0,0.6,1.0,1.0,0.6,1.0,1.0,1.0,0.8,1.0,1.0,0.7,0.6,1.0,1.0,1.0,1.0,0.8,1.0,0.9,0.8,0.4,1.0,1.0,0.5,
djkws,1.0,0.9,1.0,0.6,0.4,1.0,0.6,1.0,1.0,0.4,1.0,0.6,0.6,0.4,1.0,0.8,0.4,1.0,0.4,0.6,1.0,1.0,1.0,0.8,0.6,0.9,1.0,0.4,0.4,0.9,0.4,0.6,1.0,0.4,0.5,0.6,1.0,1.0,0.7,1.0,0.8,1.0,1.0,0.9,1.0,1.0,1.0,0.6,1.0,1.0,0.4,0.4,1.0,0.5,0.6,0.5,0.9,1.0,1.0,1.0,1.0,0.5,1.0,0.8,0.7,0.6,0.8,1.0,0.4,0.4,0.5,0.4,0.9,1.0,1.0,0.4,0.6,1.0,0.8,0.6,0.9,1.0,0.5,0.4,1.0,1.0,0.7,0.6,0.4,1.0,0.5,0.6,0.8,1.0,0.4,0.4,0.4,0.5,1.0,0.6,
dkpw,1.0,1.0,1.0,0.8,1.0,1.0,1.0,1.0,1.0,0.4,1.0,0.8,0.5,1.0,1.0,0.8,0.4,1.0,1.0,0.6,1.0,1.0,1.0,0.8,0.6,1.0,1.0,1.0,1.0,1.0,1.0,0.5,1.0,1.0,1.0,0.6,1.0,1.0,1.0,1.0,0.9,1.0,1.0,1.0,1.0,1.0,1.0,0.4,1.0,1.0,1.0,1.0,1.0,1.0,0.5,1.0,1.0,1.0,1.0,1.0,1.0,1.0,1.0,0.9,0.7,0.6,0.8,1.0,1.0,1.0,1.0,0.4,1.0,1.0,1.0,1.0,0.6,1.0,1.0,0.6,1.0,1.0,1.0,1.0,1.0,1.0,0.7,0.6,1.0,1.0,1.0,1.0,0.9,1.0,1.0,1.0,0.4,1.0,1.0,0.5,
kw,1.0,1.0,1.0,0.8,1.0,1.0,1.0,1.0,1.0,0.4,1.0,0.8,0.5,1.0,1.0,0.8,0.4,1.0,1.0,0.6,1.0,1.0,1.0,0.8,0.6,1.0,1.0,1.0,1.0,1.0,1.0,0.5,1.0,1.0,1.0,0.6,1.0,1.0,1.0,1.0,0.9,1.0,1.0,1.0,1.0,1.0,1.0,0.4,1.0,1.0,1.0,1.0,1.0,1.0,0.5,1.0,1.0,1.0,1.0,1.0,1.0,1.0,1.0,0.9,0.7,0.6,0.8,1.0,1.0,1.0,1.0,0.4,1.0,1.0,1.0,1.0,0.6,1.0,1.0,0.6,1.0,1.0,1.0,1.0,1.0,1.0,0.7,0.6,1.0,1.0,1.0,1.0,0.9,1.0,1.0,1.0,0.4,1.0,1.0,0.5,
djp,0.8,1.0,0.6,0.6,1.0,1.0,1.0,1.0,1.0,0.4,1.0,0.6,0.5,1.0,1.0,0.6,0.4,0.8,1.0,0.7,0.6,0.8,0.9,0.6,0.6,0.9,1.0,1.0,1.0,1.0,1.0,0.5,1.0,1.0,1.0,0.5,1.0,1.0,1.0,1.0,0.6,1.0,1.0,0.6,1.0,1.0,0.8,0.5,1.0,1.0,1.0,1.0,0.8,1.0,0.5,1.0,0.5,1.0,0.6,0.9,1.0,1.0,1.0,0.6,0.6,0.6,0.8,0.9,1.0,1.0,1.0,0.4,1.0,1.0,1.0,1.0,0.7,0.8,1.0,0.7,1.0,0.9,1.0,1.0,0.8,1.0,0.6,0.6,1.0,0.8,1.0,1.0,0.6,0.9,1.0,1.0,0.4,1.0,1.0,0.5,
dk,0.8,1.0,0.7,0.6,1.0,1.0,1.0,1.0,1.0,0.4,1.0,0.6,0.5,1.0,1.0,0.6,0.4,0.8,1.0,0.7,0.7,0.8,1.0,0.6,0.6,0.9,1.0,1.0,1.0,1.0,1.0,0.5,1.0,1.0,1.0,0.5,1.0,1.0,1.0,1.0,0.6,1.0,1.0,0.6,1.0,1.0,0.8,0.5,1.0,1.0,1.0,1.0,0.8,1.0,0.5,1.0,0.5,1.0,0.7,0.9,1.0,1.0,1.0,0.6,0.6,0.6,0.9,0.9,1.0,1.0,1.0,0.4,1.0,1.0,1.0,1.0,0.7,0.8,1.0,0.7,1.0,0.9,1.0,1.0,0.8,1.0,0.6,0.6,1.0,0.9,1.0,1.0,0.6,0.9,1.0,1.0,0.4,1.0,1.0,0.5,
djks,0.6,0.4,0.5,0.6,0.4,0.5,0.5,0.6,0.4,0.4,0.6,0.6,0.6,0.4,0.5,0.6,0.4,0.8,0.5,0.6,0.5,0.5,0.9,0.6,0.6,0.9,0.5,0.4,0.4,0.4,0.4,0.6,0.4,0.8,0.9,0.5,0.4,1.0,0.7,1.0,0.6,0.6,1.0,0.6,1.0,1.0,0.6,0.5,1.0,1.0,0.5,0.4,0.6,1.0,0.5,1.0,0.5,1.0,0.5,0.7,1.0,0.9,0.9,0.6,0.6,0.6,0.6,0.5,0.4,0.4,0.9,0.4,0.4,0.6,1.0,0.4,0.6,0.6,1.0,0.6,0.4,0.8,1.0,0.8,0.8,0.8,0.6,0.6,0.4,0.8,1.0,1.0,0.6,0.8,0.8,0.8,0.4,1.0,1.0,0.6,
dj,0.8,1.0,0.6,0.6,1.0,1.0,1.0,1.0,1.0,0.4,1.0,0.6,0.5,1.0,1.0,0.6,0.4,0.8,1.0,0.7,0.6,0.8,0.9,0.6,0.6,0.9,1.0,1.0,1.0,1.0,1.0,0.5,1.0,0.8,1.0,0.5,1.0,1.0,1.0,1.0,0.6,1.0,1.0,0.6,1.0,1.0,0.8,0.5,1.0,1.0,1.0,1.0,0.8,1.0,0.5,1.0,0.5,1.0,0.7,0.9,1.0,1.0,1.0,0.6,0.6,0.6,0.8,0.9,1.0,1.0,1.0,0.4,1.0,1.0,1.0,1.0,0.7,0.8,1.0,0.7,1.0,0.9,1.0,0.8,0.8,1.0,0.6,0.6,1.0,0.9,1.0,1.0,0.6,0.9,0.8,0.8,0.4,1.0,1.0,0.5,
jk,0.8,1.0,0.8,0.6,1.0,1.0,1.0,1.0,1.0,0.4,1.0,0.6,0.5,1.0,1.0,0.6,0.4,0.8,1.0,0.7,0.7,0.8,1.0,0.6,0.6,0.9,1.0,1.0,1.0,1.0,1.0,0.5,1.0,0.9,1.0,0.5,1.0,1.0,1.0,1.0,0.6,1.0,1.0,0.6,1.0,1.0,0.8,0.5,1.0,1.0,1.0,1.0,0.8,1.0,0.5,1.0,0.5,1.0,0.7,0.9,1.0,1.0,1.0,0.6,0.6,0.6,0.9,0.9,1.0,1.0,1.0,0.4,1.0,1.0,1.0,1.0,0.7,0.8,1.0,0.7,1.0,0.9,1.0,0.9,0.8,1.0,0.6,0.6,1.0,0.9,1.0,1.0,0.6,0.8,0.9,0.9,0.4,1.0,1.0,0.5,
djkw,1.0,1.0,1.0,0.8,1.0,1.0,1.0,1.0,1.0,0.4,1.0,0.8,0.5,1.0,1.0,0.8,0.4,1.0,1.0,0.6,1.0,1.0,1.0,0.8,0.6,1.0,1.0,1.0,1.0,1.0,1.0,0.5,1.0,0.6,1.0,0.6,1.0,1.0,1.0,1.0,0.9,1.0,1.0,1.0,1.0,1.0,1.0,0.4,1.0,1.0,1.0,1.0,1.0,0.9,0.5,1.0,1.0,1.0,1.0,1.0,1.0,1.0,1.0,0.9,0.7,0.6,0.8,1.0,1.0,1.0,1.0,0.4,1.0,1.0,1.0,1.0,0.6,1.0,1.0,0.6,1.0,1.0,0.9,0.6,1.0,1.0,0.7,0.6,1.0,1.0,0.8,1.0,0.9,1.0,0.6,0.6,0.4,0.8,1.0,0.5,
js,0.6,0.4,0.5,0.6,0.4,0.5,0.6,0.6,0.4,0.4,0.6,0.6,0.6,0.4,0.5,0.6,0.4,0.8,0.5,0.6,0.5,0.5,0.9,0.6,0.6,0.9,0.5,0.4,0.4,0.4,0.4,0.6,0.4,0.6,0.7,0.5,0.4,1.0,0.7,1.0,0.6,0.6,1.0,0.6,1.0,1.0,0.6,0.5,1.0,1.0,0.5,0.4,0.6,1.0,0.5,1.0,0.5,1.0,0.5,0.8,1.0,0.7,0.9,0.6,0.6,0.6,0.6,0.5,0.4,0.4,0.9,0.4,0.4,0.6,1.0,0.4,0.6,0.6,1.0,0.6,0.4,0.8,1.0,0.6,0.8,0.8,0.6,0.6,0.4,0.8,1.0,1.0,0.6,0.8,0.6,0.6,0.4,1.0,1.0,0.6,
djkp,0.8,1.0,0.6,0.6,1.0,1.0,1.0,1.0,1.0,0.4,1.0,0.6,0.5,1.0,1.0,0.6,0.4,0.8,1.0,0.7,0.6,0.8,1.0,0.6,0.6,0.9,1.0,1.0,1.0,1.0,1.0,0.5,1.0,1.0,1.0,0.5,1.0,1.0,1.0,1.0,0.6,1.0,1.0,0.6,1.0,1.0,0.8,0.5,1.0,1.0,1.0,1.0,0.8,1.0,0.5,1.0,0.5,1.0,0.6,0.9,1.0,1.0,1.0,0.6,0.6,0.6,0.8,0.9,1.0,1.0,1.0,0.4,1.0,1.0,1.0,1.0,0.7,0.8,1.0,0.7,1.0,0.9,1.0,1.0,0.8,1.0,0.6,0.6,1.0,0.9,1.0,1.0,0.6,0.9,1.0,1.0,0.4,1.0,1.0,0.5,
jks,0.6,0.4,0.5,0.6,0.4,0.5,0.6,0.6,0.6,0.4,0.6,0.6,0.6,0.4,0.5,0.6,0.4,0.8,0.5,0.6,0.5,0.5,0.9,0.6,0.6,0.9,0.5,0.4,0.4,0.4,0.4,0.6,0.4,0.8,0.9,0.5,0.6,1.0,0.7,1.0,0.6,0.6,1.0,0.6,1.0,1.0,0.6,0.5,1.0,1.0,0.5,0.4,0.6,1.0,0.5,1.0,0.5,1.0,0.5,0.7,1.0,0.9,0.9,0.6,0.6,0.6,0.6,0.5,0.4,0.4,0.9,0.4,0.4,0.6,1.0,0.4,0.6,0.6,1.0,0.6,0.4,0.8,1.0,0.8,0.8,0.8,0.6,0.6,0.4,0.8,1.0,1.0,0.6,0.8,0.8,0.8,0.4,1.0,1.0,0.6,
pw,1.0,1.0,1.0,0.8,1.0,1.0,1.0,1.0,1.0,0.4,1.0,0.8,0.5,1.0,1.0,0.8,0.4,1.0,1.0,0.6,1.0,1.0,1.0,0.8,0.6,0.9,1.0,1.0,1.0,1.0,1.0,0.5,1.0,0.9,1.0,0.6,1.0,1.0,1.0,1.0,0.9,1.0,1.0,1.0,1.0,1.0,1.0,0.5,1.0,1.0,1.0,1.0,1.0,1.0,0.5,1.0,1.0,1.0,1.0,1.0,1.0,1.0,1.0,0.8,0.7,0.6,0.8,1.0,1.0,1.0,1.0,0.4,1.0,1.0,1.0,1.0,0.6,1.0,1.0,0.6,1.0,1.0,1.0,0.9,1.0,1.0,0.7,0.6,1.0,1.0,1.0,1.0,0.9,1.0,0.9,0.9,0.4,1.0,1.0,0.5,
djw,1.0,1.0,1.0,0.8,1.0,1.0,1.0,1.0,1.0,0.4,1.0,0.8,0.5,1.0,1.0,0.8,0.4,1.0,1.0,0.6,1.0,1.0,1.0,0.8,0.6,0.9,1.0,1.0,1.0,1.0,1.0,0.5,1.0,0.6,1.0,0.6,1.0,1.0,1.0,1.0,0.9,1.0,1.0,1.0,1.0,1.0,1.0,0.5,1.0,1.0,1.0,1.0,1.0,0.9,0.5,1.0,1.0,1.0,1.0,1.0,1.0,1.0,1.0,0.8,0.7,0.6,0.8,1.0,1.0,1.0,1.0,0.4,1.0,1.0,1.0,1.0,0.6,1.0,1.0,0.6,1.0,1.0,0.9,0.6,1.0,1.0,0.7,0.6,1.0,1.0,0.8,1.0,0.9,1.0,0.6,0.6,0.4,0.8,1.0,0.5,
dpws,1.0,0.8,1.0,0.6,0.4,1.0,0.6,0.7,1.0,0.4,0.7,0.6,0.6,0.4,1.0,0.8,0.4,1.0,0.4,0.6,1.0,1.0,1.0,0.8,0.6,0.9,1.0,0.4,0.4,0.8,0.4,0.6,1.0,0.4,0.5,0.6,1.0,1.0,0.6,1.0,0.8,0.7,1.0,0.9,1.0,1.0,1.0,0.6,1.0,1.0,0.4,0.4,1.0,1.0,0.6,0.5,0.9,1.0,1.0,1.0,1.0,0.5,1.0,0.8,0.7,0.6,0.8,1.0,0.4,0.4,0.5,0.4,0.8,0.7,1.0,0.4,0.6,1.0,1.0,0.6,0.8,1.0,1.0,0.4,1.0,1.0,0.7,0.6,0.4,1.0,1.0,1.0,0.8,1.0,0.4,0.4,0.4,1.0,1.0,0.6,
kws,1.0,1.0,1.0,0.6,0.4,1.0,0.6,0.8,1.0,0.4,0.8,0.6,0.6,0.4,1.0,0.8,0.4,1.0,0.4,0.6,1.0,1.0,1.0,0.8,0.6,0.9,1.0,0.4,0.4,1.0,0.4,0.6,1.0,0.4,0.6,0.6,1.0,1.0,0.7,1.0,0.8,0.8,1.0,0.9,1.0,1.0,1.0,0.6,1.0,1.0,0.4,0.4,1.0,0.6,0.6,0.6,0.9,1.0,1.0,1.0,1.0,0.6,1.0,0.8,0.7,0.6,0.8,1.0,0.4,0.4,0.6,0.4,0.9,0.8,1.0,0.4,0.6,1.0,1.0,0.6,0.9,1.0,0.6,0.4,1.0,1.0,0.7,0.6,0.4,1.0,1.0,0.8,0.8,1.0,0.4,0.4,0.4,1.0,1.0,0.6,
dkw,1.0,1.0,1.0,0.8,1.0,1.0,1.0,1.0,1.0,0.4,1.0,0.8,0.5,1.0,1.0,0.8,0.4,1.0,1.0,0.6,1.0,1.0,1.0,0.8,0.6,1.0,1.0,1.0,1.0,1.0,1.0,0.5,1.0,1.0,1.0,0.6,1.0,1.0,1.0,1.0,0.9,1.0,1.0,1.0,1.0,1.0,1.0,0.4,1.0,1.0,1.0,1.0,1.0,1.0,0.5,1.0,1.0,1.0,1.0,1.0,1.0,1.0,1.0,0.9,0.7,0.6,0.8,1.0,1.0,1.0,1.0,0.4,1.0,1.0,1.0,1.0,0.6,1.0,1.0,0.6,1.0,1.0,1.0,1.0,1.0,1.0,0.7,0.6,1.0,1.0,1.0,1.0,0.9,1.0,1.0,1.0,0.4,1.0,1.0,0.5,
jpws,1.0,0.9,1.0,0.6,0.4,1.0,0.6,1.0,1.0,0.4,1.0,0.6,0.6,0.4,1.0,0.8,0.4,1.0,0.4,0.6,1.0,1.0,1.0,0.8,0.6,0.9,1.0,0.4,0.4,0.9,0.4,0.6,1.0,0.4,0.5,0.6,1.0,1.0,0.7,1.0,0.8,1.0,1.0,0.9,1.0,1.0,1.0,0.6,1.0,1.0,0.4,0.4,1.0,1.0,0.6,0.5,0.9,1.0,1.0,1.0,1.0,0.5,1.0,0.8,0.7,0.6,0.8,1.0,0.4,0.4,0.5,0.4,0.8,1.0,1.0,0.4,0.6,1.0,1.0,0.6,0.8,1.0,1.0,0.4,1.0,1.0,0.7,0.6,0.4,1.0,1.0,1.0,0.8,1.0,0.4,0.4,0.4,1.0,1.0,0.6,
k,0.8,1.0,0.8,0.6,1.0,1.0,1.0,1.0,1.0,0.4,1.0,0.6,0.5,1.0,1.0,0.6,0.4,0.8,1.0,0.7,0.7,0.8,1.0,0.6,0.6,0.9,1.0,1.0,1.0,1.0,1.0,0.5,1.0,1.0,1.0,0.5,1.0,1.0,1.0,1.0,0.6,1.0,1.0,0.6,1.0,1.0,0.8,0.5,1.0,1.0,1.0,1.0,0.8,1.0,0.5,1.0,0.5,1.0,0.7,0.9,1.0,1.0,1.0,0.6,0.6,0.6,0.9,0.9,1.0,1.0,1.0,0.4,1.0,1.0,1.0,1.0,0.7,0.8,1.0,0.7,1.0,0.9,1.0,1.0,0.8,1.0,0.6,0.6,1.0,0.9,1.0,1.0,0.6,0.8,1.0,1.0,0.4,1.0,1.0,0.5,
djs,0.6,0.4,0.5,0.6,0.4,0.5,0.5,0.6,0.4,0.4,0.6,0.6,0.6,0.4,0.4,0.6,0.4,0.8,0.5,0.6,0.5,0.5,0.9,0.6,0.6,0.9,0.5,0.4,0.4,0.4,0.4,0.6,0.4,0.6,0.7,0.5,0.4,1.0,0.7,1.0,0.6,0.6,1.0,0.6,1.0,1.0,0.6,0.5,1.0,1.0,0.5,0.4,0.6,1.0,0.5,1.0,0.5,1.0,0.5,0.8,1.0,0.7,0.9,0.6,0.6,0.6,0.6,0.5,0.4,0.4,0.9,0.4,0.4,0.6,1.0,0.4,0.6,0.6,1.0,0.6,0.4,0.8,1.0,0.6,0.8,0.8,0.6,0.6,0.4,0.8,1.0,1.0,0.6,0.8,0.6,0.6,0.4,1.0,1.0,0.6,
djk,0.8,1.0,0.7,0.6,1.0,1.0,1.0,1.0,1.0,0.4,1.0,0.6,0.5,1.0,1.0,0.6,0.4,0.8,1.0,0.7,0.7,0.8,1.0,0.6,0.6,0.9,1.0,1.0,1.0,1.0,1.0,0.5,1.0,0.9,1.0,0.5,1.0,1.0,1.0,1.0,0.6,1.0,1.0,0.6,1.0,1.0,0.8,0.5,1.0,1.0,1.0,1.0,0.8,1.0,0.5,1.0,0.5,1.0,0.7,0.9,1.0,1.0,1.0,0.6,0.6,0.6,0.9,0.9,1.0,1.0,1.0,0.4,1.0,1.0,1.0,1.0,0.7,0.8,1.0,0.7,1.0,0.9,1.0,0.9,0.8,1.0,0.6,0.6,1.0,0.9,1.0,1.0,0.6,0.9,0.9,0.9,0.4,1.0,1.0,0.5,
jws,1.0,0.9,1.0,0.6,0.4,1.0,0.6,1.0,1.0,0.4,1.0,0.6,0.6,0.4,1.0,0.8,0.4,1.0,0.4,0.6,1.0,1.0,1.0,0.8,0.6,0.9,1.0,0.4,0.4,0.9,0.4,0.6,1.0,0.4,0.5,0.6,1.0,1.0,0.7,1.0,0.8,1.0,1.0,0.9,1.0,1.0,1.0,0.6,1.0,1.0,0.4,0.4,1.0,0.5,0.6,0.5,0.9,1.0,1.0,1.0,1.0,0.5,1.0,0.8,0.7,0.6,0.8,1.0,0.4,0.4,0.5,0.4,0.9,1.0,1.0,0.4,0.6,1.0,0.9,0.6,0.9,1.0,0.5,0.4,1.0,1.0,0.7,0.6,0.4,1.0,0.5,0.6,0.8,1.0,0.4,0.4,0.4,0.5,1.0,0.6,
jw,1.0,1.0,1.0,0.8,1.0,1.0,1.0,1.0,1.0,0.4,1.0,0.8,0.5,1.0,1.0,0.8,0.4,1.0,1.0,0.6,1.0,1.0,1.0,0.8,0.6,0.9,1.0,1.0,1.0,1.0,1.0,0.5,1.0,0.6,1.0,0.6,1.0,1.0,1.0,1.0,0.9,1.0,1.0,1.0,1.0,1.0,1.0,0.5,1.0,1.0,1.0,1.0,1.0,0.9,0.5,1.0,1.0,1.0,1.0,1.0,1.0,1.0,1.0,0.9,0.7,0.6,0.8,1.0,1.0,1.0,1.0,0.4,1.0,1.0,1.0,1.0,0.6,1.0,1.0,0.6,1.0,1.0,0.9,0.6,1.0,1.0,0.7,0.6,1.0,1.0,0.8,1.0,0.9,1.0,0.6,0.6,0.4,0.8,1.0,0.5,
jkp,0.8,1.0,0.7,0.6,1.0,1.0,1.0,1.0,1.0,0.4,1.0,0.6,0.5,1.0,1.0,0.6,0.4,0.8,1.0,0.7,0.7,0.8,1.0,0.6,0.6,0.9,1.0,1.0,1.0,1.0,1.0,0.5,1.0,1.0,1.0,0.5,1.0,1.0,1.0,1.0,0.6,1.0,1.0,0.6,1.0,1.0,0.8,0.5,1.0,1.0,1.0,1.0,0.8,1.0,0.5,1.0,0.5,1.0,0.7,0.9,1.0,1.0,1.0,0.6,0.6,0.6,0.9,0.8,1.0,1.0,1.0,0.4,1.0,1.0,1.0,1.0,0.7,0.8,1.0,0.7,1.0,0.9,1.0,1.0,0.8,1.0,0.6,0.6,1.0,0.9,1.0,1.0,0.6,0.8,1.0,1.0,0.4,1.0,1.0,0.5,
dw,1.0,1.0,1.0,0.8,1.0,1.0,1.0,1.0,1.0,0.4,1.0,0.8,0.5,1.0,1.0,0.8,0.4,1.0,1.0,0.6,1.0,1.0,1.0,0.8,0.6,0.9,1.0,1.0,1.0,1.0,1.0,0.5,1.0,0.6,1.0,0.6,1.0,1.0,1.0,1.0,0.9,1.0,1.0,1.0,1.0,1.0,1.0,0.4,1.0,1.0,1.0,1.0,1.0,1.0,0.5,1.0,1.0,1.0,1.0,1.0,1.0,1.0,1.0,0.8,0.7,0.6,0.8,1.0,1.0,1.0,1.0,0.4,1.0,1.0,1.0,1.0,0.6,1.0,1.0,0.6,1.0,1.0,1.0,0.6,1.0,1.0,0.7,0.6,1.0,1.0,1.0,1.0,0.9,1.0,0.6,0.6,0.4,1.0,1.0,0.5,
kp,0.8,1.0,0.7,0.6,1.0,1.0,1.0,1.0,1.0,0.4,1.0,0.6,0.5,1.0,1.0,0.6,0.4,0.8,1.0,0.7,0.7,0.8,1.0,0.6,0.6,0.9,1.0,1.0,1.0,1.0,1.0,0.5,1.0,1.0,1.0,0.5,1.0,1.0,1.0,1.0,0.6,1.0,1.0,0.6,1.0,1.0,0.8,0.5,1.0,1.0,1.0,1.0,0.8,1.0,0.5,1.0,0.5,1.0,0.7,0.9,1.0,1.0,1.0,0.6,0.6,0.6,0.9,0.8,1.0,1.0,1.0,0.4,1.0,1.0,1.0,1.0,0.7,0.8,1.0,0.7,1.0,0.9,1.0,1.0,0.8,1.0,0.6,0.6,1.0,0.9,1.0,1.0,0.6,0.8,1.0,1.0,0.4,1.0,1.0,0.5,
dpw,1.0,1.0,1.0,0.8,1.0,1.0,1.0,1.0,1.0,0.4,1.0,0.8,0.5,1.0,1.0,0.8,0.4,1.0,1.0,0.6,1.0,1.0,1.0,0.8,0.6,0.9,1.0,1.0,1.0,1.0,1.0,0.5,1.0,0.9,1.0,0.6,1.0,1.0,1.0,1.0,0.9,1.0,1.0,1.0,1.0,1.0,1.0,0.5,1.0,1.0,1.0,1.0,1.0,1.0,0.5,1.0,1.0,1.0,1.0,1.0,1.0,1.0,1.0,0.8,0.7,0.6,0.8,1.0,1.0,1.0,1.0,0.4,1.0,1.0,1.0,1.0,0.6,1.0,1.0,0.6,1.0,1.0,1.0,0.9,1.0,1.0,0.7,0.6,1.0,1.0,1.0,1.0,0.9,1.0,0.9,0.9,0.4,1.0,1.0,0.5,
dp,0.8,1.0,0.6,0.6,1.0,1.0,1.0,1.0,1.0,0.4,1.0,0.6,0.5,1.0,1.0,0.6,0.4,0.8,1.0,0.7,0.6,0.8,0.9,0.6,0.6,0.9,1.0,1.0,1.0,1.0,1.0,0.5,1.0,1.0,1.0,0.5,1.0,1.0,1.0,1.0,0.6,1.0,1.0,0.6,1.0,1.0,0.8,0.5,1.0,1.0,1.0,1.0,0.8,1.0,0.5,1.0,0.5,1.0,0.6,0.9,1.0,1.0,1.0,0.6,0.6,0.6,0.8,0.9,1.0,1.0,1.0,0.4,1.0,1.0,1.0,1.0,0.7,0.8,1.0,0.7,1.0,0.9,1.0,1.0,0.8,1.0,0.6,0.6,1.0,0.8,1.0,1.0,0.6,0.9,1.0,1.0,0.4,1.0,1.0,0.5,
jkpws,1.0,0.9,1.0,0.6,0.4,1.0,0.6,1.0,1.0,0.4,1.0,0.6,0.6,0.4,1.0,0.8,0.4,1.0,0.4,0.6,1.0,1.0,1.0,0.8,0.6,0.9,1.0,0.4,0.4,0.9,0.4,0.6,1.0,0.4,0.6,0.6,1.0,1.0,0.7,1.0,0.8,1.0,1.0,0.9,1.0,1.0,1.0,0.6,1.0,1.0,0.4,0.4,1.0,1.0,0.6,0.5,0.9,1.0,1.0,1.0,1.0,0.5,1.0,0.8,0.7,0.6,0.8,1.0,0.4,0.4,0.6,0.4,0.9,1.0,1.0,0.4,0.6,1.0,1.0,0.6,0.9,1.0,1.0,0.4,1.0,1.0,0.7,0.6,0.4,1.0,1.0,1.0,0.8,1.0,0.4,0.4,0.4,1.0,1.0,0.6,
pws,1.0,0.8,1.0,0.6,0.4,1.0,0.6,1.0,1.0,0.4,1.0,0.6,0.6,0.4,1.0,0.8,0.4,1.0,0.4,0.6,1.0,1.0,1.0,0.8,0.6,0.9,1.0,0.4,0.4,0.8,0.4,0.6,1.0,0.4,0.5,0.6,1.0,1.0,0.6,1.0,0.8,1.0,1.0,0.9,1.0,1.0,1.0,0.6,1.0,1.0,0.4,0.4,1.0,1.0,0.6,0.5,0.9,1.0,1.0,1.0,1.0,0.5,1.0,0.8,0.7,0.6,0.8,1.0,0.4,0.4,0.5,0.4,0.8,1.0,1.0,0.4,0.6,1.0,1.0,0.6,0.8,1.0,1.0,0.4,1.0,1.0,0.7,0.6,0.4,1.0,1.0,1.0,0.8,1.0,0.4,0.4,0.4,1.0,1.0,0.6,
jkw,1.0,1.0,1.0,0.8,1.0,1.0,1.0,1.0,1.0,0.4,1.0,0.8,0.5,1.0,1.0,0.8,0.4,1.0,1.0,0.6,1.0,1.0,1.0,0.8,0.6,1.0,1.0,1.0,1.0,1.0,1.0,0.5,1.0,0.6,1.0,0.6,1.0,1.0,1.0,1.0,0.9,1.0,1.0,1.0,1.0,1.0,1.0,0.4,1.0,1.0,1.0,1.0,1.0,0.9,0.5,1.0,1.0,1.0,1.0,1.0,1.0,1.0,1.0,0.9,0.7,0.6,0.8,1.0,1.0,1.0,1.0,0.4,1.0,1.0,1.0,1.0,0.6,1.0,1.0,0.6,1.0,1.0,0.9,0.6,1.0,1.0,0.7,0.6,1.0,1.0,0.8,1.0,0.9,1.0,0.6,0.6,0.4,0.8,1.0,0.5,
dws,1.0,0.9,1.0,0.6,0.4,1.0,0.6,0.6,1.0,0.4,0.6,0.6,0.6,0.4,1.0,0.8,0.4,1.0,0.4,0.6,1.0,1.0,1.0,0.8,0.6,0.9,1.0,0.4,0.4,0.9,0.4,0.6,1.0,0.4,0.6,0.6,1.0,1.0,0.7,1.0,0.8,0.6,1.0,0.9,1.0,1.0,1.0,0.6,1.0,1.0,0.4,0.4,1.0,0.6,0.6,0.6,0.9,1.0,1.0,1.0,1.0,0.6,1.0,0.8,0.7,0.6,0.8,1.0,0.4,0.4,0.5,0.4,0.9,0.6,1.0,0.4,0.6,1.0,1.0,0.6,0.9,1.0,0.6,0.4,1.0,1.0,0.7,0.6,0.4,1.0,0.6,0.8,0.8,1.0,0.4,0.4,0.4,0.6,1.0,0.6,
kpw,1.0,1.0,1.0,0.8,1.0,1.0,1.0,1.0,1.0,0.4,1.0,0.8,0.5,1.0,1.0,0.8,0.4,1.0,1.0,0.6,1.0,1.0,1.0,0.8,0.6,1.0,1.0,1.0,1.0,1.0,1.0,0.5,1.0,1.0,1.0,0.6,1.0,1.0,1.0,1.0,0.9,1.0,1.0,1.0,1.0,1.0,1.0,0.4,1.0,1.0,1.0,1.0,1.0,1.0,0.5,1.0,1.0,1.0,1.0,1.0,1.0,1.0,1.0,0.9,0.7,0.6,0.8,1.0,1.0,1.0,1.0,0.4,1.0,1.0,1.0,1.0,0.6,1.0,1.0,0.6,1.0,1.0,1.0,1.0,1.0,1.0,0.7,0.6,1.0,1.0,1.0,1.0,0.9,1.0,1.0,1.0,0.4,1.0,1.0,0.5,
djkpws,1.0,0.9,1.0,0.6,0.4,1.0,0.6,1.0,1.0,0.4,1.0,0.6,0.6,0.4,1.0,0.8,0.4,1.0,0.4,0.6,1.0,1.0,1.0,0.8,0.6,0.9,1.0,0.4,0.4,0.9,0.4,0.6,1.0,0.4,0.5,0.6,1.0,1.0,0.7,1.0,0.8,1.0,1.0,0.9,1.0,1.0,1.0,0.6,1.0,1.0,0.4,0.4,1.0,1.0,0.6,0.5,0.9,1.0,1.0,1.0,1.0,0.5,1.0,0.8,0.7,0.6,0.8,1.0,0.4,0.4,0.5,0.4,0.9,1.0,1.0,0.4,0.6,1.0,1.0,0.6,0.9,1.0,1.0,0.4,1.0,1.0,0.7,0.6,0.4,1.0,1.0,1.0,0.8,1.0,0.4,0.4,0.4,1.0,1.0,0.6,
